302 714 725 979
306 338 738 774
306 341 778 813
310 720 987 1237
306 734 1241 1501
346 382 775 813
347 384 817 853
349 384 858 893
352 388 940 976
387 423 774 812
390 424 816 855
389 426 856 893
428 464 773 810
429 465 815 852
430 466 856 892
469 504 773 810
471 505 814 850
511 545 813 849
511 547 853 890
550 586 771 807
552 586 812 847
605 724 1421 1437
606 724 1421 1437
605 724 1421 1437
606 724 1421 1437
606 723 1422 1436
607 723 1422 1436
607 723 1422 1436
606 723 1422 1436
607 723 1422 1436
607 723 1422 1436
607 724 1464 1475
669 707 728 761
734 1147 714 969
738 772 809 843
739 1152 977 1229
744 1155 1240 1489
749 909 1377 1394
749 909 1377 1394
750 950 1417 1434
751 951 1458 1474
751 870 1459 1475
751 869 1459 1474
751 870 1459 1475
751 869 1459 1474
752 869 1460 1474
752 869 1460 1473
752 868 1460 1473
752 869 1460 1474
752 869 1460 1473
752 868 1460 1473
749 1158 1500 1747
870 992 1457 1472
870 992 1457 1472
871 991 1458 1471
871 991 1458 1471
838 995 1676 1689
839 994 1676 1689
840 993 1677 1688
902 938 804 840
876 1033 1515 1528
877 1032 1515 1528
878 1031 1516 1527
877 992 1557 1568
942 978 762 798
943 980 803 839
943 980 844 880
983 1019 760 797
984 1020 802 838
985 1022 883 920
1024 1060 760 796
1041 1159 1669 1686
1042 1159 1670 1686
1042 1159 1670 1686
1043 1158 1671 1685
1041 1160 1672 1687
1041 1159 1673 1686
1042 1159 1673 1686
1042 1159 1674 1686
1065 1102 758 796
1067 1101 796 836
1068 1102 841 880
1068 1104 880 918
1109 1143 755 835
1109 1144 839 876
1110 1146 880 916
1151 1230 1689 2059
